10001
10002
10003
10004
10005
10006
10007
10008
10009
10010
10011
10013
10014
10015
10016
10017
10018
10019
10020
10021
10029
10036
10040
10042
10044
10046
10050
10052
10057
10059
10060
10061
10069
10076
10077
10079
10086
10088
10090
10091
10092
10093
10096
10101
10103
10106
10107
10109
10112
10113
10114
10115
10119
10124
10129
10136
10137
10147
11001
11003
11006
11007
11008
11009
11012
11013
11014
11016
11017
11019
11021
11027
11028
11030
11031
11032
11033
11038
11039
11041
11042
11044
11046
11054
11055
11056
11059
11061
11070
11071
11074
11081
11082
11084
11085
11086
11087
11088
11092
